 108 113 117 114 115 112 115 127 128 124 124 119  39  21 107 119
 112 130 127 124 125 126 124 124 127 128 126 125  34  16 117 124
 115 126 128 127 124 122 124 127 126 128 131 128 121 118  49  35
 118 128 125 127 130 127 126 128 127 128 131 131 128 128  36  27
 114 130 128 123  33  35  36  36 120 129 129 130  41  30 110 118
 117 127 128 125  25  25  25  22 113 130 128 128  31  13 123 130
 120 126 128 124  27  25  24  22 117 130 130 130 118 122  43  31
 122 130 130 127  35  24  24  21 115 129 132 132 132 128  32  15
  36  38  38  35  20  25  25  21 117 130 129 129  52  33 115 126
  23  22  24  24  24  25  25  19 120 131 131 130  36  14 112 126
  23  23  24  24  24  25  24  17 120 130 131 130 111 107  52  40
  20  21  24  22  21  20  19  12 117 130 133 134 132 128  36  14
 114 113 116 111 109 109 109 115 132 130 132 131  56  38 102 115
 126 129 131 132 130 130 134 134 132 134 136 133  48  17 116 127
 114 131 133 134 132 132 133 135 133 133 136 134 119 116  57  53
 117 128 131 131 127 129 133 132 132 132 134 135 134 131  36  26
 114 120 122 123 122 121 125 133 130 131 128 123  48  33 114 125
 123 131 132 133 133 134 134 134 135 135 135 133  51  33 124 132
 122 132 133 134 134 135 134 134 136 136 137 137 128 123  62  51
 123 133 134 135 132 132 132 135 137 136 136 136 136 134  47  32
 125 133 136 133  50  49  46  46 125 136 136 135  55  43 116 122
 125 134 133 132  34  25  25  31 121 136 137 135  44  27 130 134
 126 134 133 132  38  25  25  29 121 136 137 137 127 129  60  44
 127 134 133 132  43  24  24  30 122 137 137 137 138 134  46  23
  43  44  44  43  24  25  25  29 124 138 136 137  66  50 118 129
  24  24  24  24  24  25  25  24 126 138 138 136  48  28 120 134
  24  24  24  24  25  25  25  26 126 138 138 138 124 119  66  50
  21  22  25  23  22  22  23  23 128 137 137 138 137 136  54  24
 121 121 120 116 117 118 119 122 140 139 137 136  73  53 109 122
 134 133 135 135 135 136 137 136 138 138 138 136  53  27 123 136
 121 133 136 136 136 136 137 137 137 138 139 138 126 122  66  57
 124 136 136 135 137 135 136 137 138 139 139 138 139 138  44  26
 103 113 115 115 113 113 115 119 119 119 118 114  47  30 103 113
 115 129 130 128 128 129 129 130 133 133 132 125  51  32 116 116
 116 128 129 128 127 127 131 131 133 134 134 131 120 115  61  44
 118 131 129 130 128 128 124 126 130 134 135 133 131 126  45  31
 122 132 131 125  47  49  44  47 119 131 134 128  57  47 106 111
 116 130 131 124  32  24  25  30 116 131 136 128  43  27 117 123
 118 128 129 121  38  25  24  30 115 132 136 135 120 117  60  42
 117 125 127 118  41  24  24  30 116 132 133 134 133 126  48  23
  40  44  44  43  22  24  24  27 118 132 134 131  62  48 106 117
  24  24  24  23  23  24  24  26 118 131 134 129  46  30 107 120
  23  22  22  23  22  24  24  26 123 132 135 134 118 112  62  49
  20  22  26  25  27  24  26  27 123 133 136 132 131 127  50  23
 109 110 110 109 109 112 111 111 133 132 135 132  71  55  99 110
 126 131 132 133 132 129 132 134 133 133 133 130  52  28 117 123
 115 131 132 132 135 134 133 135 134 134 134 133 115 112  64  55
 115 127 129 130 130 130 132 131 131 129 130 132 131 126  42  24

 119 124  35  27 118 130  31  15 126 126  40  14 115 127  53  26
 107 117  49  36 110 123  43  32 115 112  52  36 102 116  57  36
  21  16 118 128  30  13 122 128  33  14 107 128  38  17 116 131
  39  34 121 128  41  31 118 132  52  36 111 132  56  48 119 134
 119 125 128 131 130 128 130 132 129 130 130 134 131 133 134 135
 124 126 131 131 129 128 130 132 129 131 131 133 132 136 136 134
 124 128 128 128 129 130 130 129 130 131 130 130 130 134 133 132
 128 127 126 127 120 113 117 115 117 120 120 117 132 132 133 132
 127 124 127 128  36  22  22  21  21  19  17  12 115 134 135 132
 115 124 124 126  36  25  24  24  25  25  24  19 109 134 133 133
 112 126 122 127  35  25  25  24  25  25  25  20 109 130 132 129
 115 125 124 130  33  25  27  35  20  24  24  21 109 130 132 127
 114 124 127 127 123 125 124 127  35  24  24  22 111 132 134 131
 117 127 128 125 128 128 128 130  38  24  24  24 116 131 133 131
 113 130 126 128 130 127 126 130  38  22  23  21 113 129 131 128
 108 112 115 118 114 117 120 122  36  23  23  20 114 126 114 117
 125 132  51  32 122 134  44  23 129 134  50  24 122 136  57  26
 114 124  62  47 116 130  60  46 118 120  66  54 109 123  66  44
  33  33 123 134  43  27 129 134  50  28 119 136  53  27 122 138
  48  51 128 136  55  44 127 138  66  48 124 137  73  53 126 139
 123 133 137 136 135 135 137 137 137 136 138 138 136 136 138 138
 128 135 137 136 136 137 137 137 136 138 138 137 137 138 139 139
 131 135 136 136 136 136 136 137 138 138 138 137 139 138 138 139
 130 135 136 137 125 121 121 122 124 126 126 128 140 138 137 138
 133 134 134 135  46  31  29  30  29  24  26  23 122 136 137 137
 125 134 134 132  46  25  25  24  25  25  25  23 119 137 137 136
 121 134 135 132  49  25  25  24  25  25  25  22 118 136 136 135
 122 133 134 132  50  34  38  43  24  24  25  22 117 135 136 137
 123 133 134 135 133 132 132 132  43  24  24  23 116 135 136 135
 122 132 133 134 136 133 133 133  44  24  24  25 120 135 136 136
 120 131 132 133 133 134 134 134  44  24  24  22 121 133 133 136
 114 123 122 123 125 125 126 127  43  24  24  21 121 134 121 124
 113 116  44  31 111 123  42  23 117 120  49  23 110 123  55  24
 103 116  61  45 106 117  60  48 106 107  62  50  99 117  64  42
  30  32 115 126  47  27 117 126  48  30 112 127  55  28 112 126
  47  51 120 131  57  43 120 133  62  46 118 131  71  52 115 131
 114 125 131 133 128 128 135 134 131 129 134 132 132 130 133 132
 118 132 134 135 134 136 136 133 134 134 135 136 135 133 134 130
 119 133 134 134 131 131 132 132 132 131 132 133 132 133 134 129
 119 133 133 130 119 116 115 116 118 118 123 123 133 133 134 131
 119 130 131 126  47  30  30  30  27  26  26  27 111 134 135 131
 115 129 131 124  44  25  24  24  24  24  24  26 111 132 133 132
 113 129 127 128  49  24  25  24  24  24  24  24 112 129 134 130
 113 128 127 128  47  32  38  41  22  23  22  27 109 132 135 130
 115 128 128 130 125 124 121 118  43  23  23  25 109 133 132 130
 115 130 129 129 131 131 129 127  44  24  22  26 110 132 132 129
 113 129 128 131 132 130 128 125  44  24  22  22 110 131 131 127
 103 115 116 118 122 116 118 117  40  24  23  20 109 126 115 115

  26  36 131 134 135 134 132 132 132 133 129 127 131 131 128 117
  53  57 116 119 134 136 133 133 135 133 132 132 134 133 131 114
 127 116  17  48 133 136 134 132 134 134 130 130 132 131 129 126
 115 102  38  56 131 132 130 132 115 109 109 109 111 116 113 114
  14  36 128 132 134 133 130 117  12  19  20  21  22  24  21  20
  40  52 107 111 130 131 130 120  17  24  25  24  24  24  23  23
 126 112  14  36 130 131 131 120  19  25  25  24  24  24  22  23
 126 115  33  52 129 129 130 117  21  25  25  20  35  38  38  36
  15  32 128 132 132 132 129 115  21  24  24  35 127 130 130 122
  31  43 122 118 130 130 130 117  22  24  25  27 124 128 126 120
 130 123  13  31 128 128 130 113  22  25  25  25 125 128 127 117
 118 110  30  41 130 129 129 120  36  36  35  33 123 128 130 114
  27  36 128 128 131 131 128 127 128 126 127 130 127 125 128 118
  35  49 118 121 128 131 128 126 127 124 122 124 127 128 126 115
 124 117  16  34 125 126 128 127 124 124 126 125 124 127 130 112
 119 107  21  39 119 124 124 128 127 115 112 115 114 117 113 108
  26  44 138 139 138 139 139 138 137 136 135 137 135 136 136 124
  57  66 122 126 138 139 138 137 137 137 136 136 136 136 133 121
 136 123  27  53 136 138 138 138 136 137 136 135 135 135 133 134
 122 109  53  73 136 137 139 140 122 119 118 117 116 120 121 121
  24  54 136 137 138 137 137 128  23  23  22  22  23  25  22  21
  50  66 119 124 138 138 138 126  26  25  25  25  24  24  24  24
 134 120  28  48 136 138 138 126  24  25  25  24  24  24  24  24
 129 118  50  66 137 136 138 124  29  25  25  24  43  44  44  43
  23  46 134 138 137 137 137 122  30  24  24  43 132 133 134 127
  44  60 129 127 137 137 136 121  29  25  25  38 132 133 134 126
 134 130  27  44 135 137 136 121  31  25  25  34 132 133 134 125
 122 116  43  55 135 136 136 125  46  46  49  50 133 136 133 125
  32  47 134 136 136 136 136 137 135 132 132 132 135 134 133 123
  51  62 123 128 137 137 136 136 134 134 135 134 134 133 132 122
 132 124  33  51 133 135 135 135 134 134 134 133 133 132 131 123
 125 114  33  48 123 128 131 130 133 125 121 122 123 122 120 114
  24  42 126 131 132 130 129 131 131 132 130 130 130 129 127 115
  55  64 112 115 133 134 134 134 135 133 134 135 132 132 131 115
 123 117  28  52 130 133 133 133 134 132 129 132 133 132 131 126
 110  99  55  71 132 135 132 133 111 111 112 109 109 110 110 109
  23  50 127 131 132 136 133 123  27  26  24  27  25  26  22  20
  49  62 112 118 134 135 132 123  26  24  24  22  23  22  22  23
 120 107  30  46 129 134 131 118  26  24  24  23  23  24  24  24
 117 106  48  62 131 134 132 118  27  24  24  22  43  44  44  40
  23  48 126 133 134 133 132 116  30  24  24  41 118 127 125 117
  42  60 117 120 135 136 132 115  30  24  25  38 121 129 128 118
 123 117  27  43 128 136 131 116  30  25  24  32 124 131 130 116
 111 106  47  57 128 134 131 119  47  44  49  47 125 131 132 122
  31  45 126 131 133 135 134 130 126 124 128 128 130 129 131 118
  44  61 115 120 131 134 134 133 131 131 127 127 128 129 128 116
 116 116  32  51 125 132 133 133 130 129 129 128 128 130 129 115
 113 103  30  47 114 118 119 119 119 115 113 113 115 115 113 103

 117 114 126 114  20  23  23  36 122 120 117 114 118 115 112 108
 128 131 129 113  21  23  22  38 130 126 127 130 128 126 130 113
 131 133 131 116  24  24  24  38 130 128 128 128 125 128 127 117
 131 134 132 111  22  24  24  35 127 124 125 123 127 127 124 114
 127 132 130 109  21  24  24  20  35  27  25  33 130 124 125 115
 129 132 130 109  20  25  25  25  24  25  25  35 127 122 126 112
 133 133 134 109  19  24  25  25  24  24  25  36 126 124 124 115
 132 135 134 115  12  17  19  21  21  22  22  36 128 127 124 127
 132 133 132 132 117 120 120 117 115 117 113 120 127 126 127 128
 132 133 134 130 130 130 131 130 129 130 130 129 128 128 128 124
 134 136 136 132 133 131 131 129 132 130 128 129 131 131 126 124
 135 134 133 131 134 130 130 129 132 130 128 130 131 128 125 119
 134 119  48  56 132 111  36  52 132 118  31  41 128 121  34  39
 131 116  17  38 128 107  14  33 128 122  13  30 128 118  16  21
  36  57 116 102  36  52 112 115  32  43 123 110  36  49 117 107
  26  53 127 115  14  40 126 126  15  31 130 118  27  35 124 119
 124 121 134 121  21  24  24  43 127 126 125 125 123 122 123 114
 136 133 133 121  22  24  24  44 134 134 134 133 133 132 131 120
 136 136 135 120  25  24  24  44 133 133 133 136 134 133 132 122
 135 136 135 116  23  24  24  43 132 132 132 133 135 134 133 123
 137 136 135 117  22  25  24  24  43  38  34  50 132 134 133 122
 135 136 136 118  22  25  25  25  24  25  25  49 132 135 134 121
 136 137 137 119  23  25  25  25  24  25  25  46 132 134 134 125
 137 137 136 122  23  26  24  29  30  29  31  46 135 134 134 133
 138 137 138 140 128 126 126 124 122 121 121 125 137 136 135 130
 139 138 138 139 137 138 138 138 137 136 136 136 136 136 135 131
 139 139 138 137 137 138 138 136 137 137 137 136 136 137 135 128
 138 138 136 136 138 138 136 137 137 137 135 135 136 137 133 123
 139 126  53  73 137 124  48  66 138 127  44  55 136 128  51  48
 138 122  27  53 136 119  28  50 134 129  27  43 134 123  33  33
  44  66 123 109  54  66 120 118  46  60 130 116  47  62 124 114
  26  57 136 122  24  50 134 129  23  44 134 122  32  51 132 125
 115 115 126 109  20  23  24  40 117 118 116 122 118 116 115 103
 127 131 131 110  22  22  24  44 125 128 130 132 131 128 129 113
 129 132 132 110  26  22  24  44 127 129 131 131 129 129 130 115
 130 132 133 109  25  23  23  43 118 121 124 125 130 128 128 115
 130 135 132 109  27  22  23  22  41  38  32  47 128 127 128 113
 130 134 129 112  24  24  24  24  24  25  24  49 128 127 129 113
 132 133 132 111  26  24  24  24  24  24  25  44 124 131 129 115
 131 135 134 111  27  26  26  27  30  30  30  47 126 131 130 119
 131 134 133 133 123 123 118 118 116 115 116 119 130 133 133 119
 129 134 133 132 133 132 131 132 132 132 131 131 134 134 133 119
 130 134 133 135 136 135 134 134 133 136 136 134 135 134 132 118
 132 133 130 132 132 134 129 131 134 135 128 128 133 131 125 114
 131 115  52  71 131 118  46  62 133 120  43  57 131 120  51  47
 126 112  28  55 127 112  30  48 126 117  27  47 126 115  32  30
  42  64 117  99  50  62 107 106  48  60 117 106  45  61 116 103
  24  55 123 110  23  49 120 117  23  42 123 111  31  44 116 113

